{
( 5 5 5 ) ( 10 10 10 )
6
4 ( 10 5 10 2.5 -2.5 ) ( 5 5 10 1.25 -2.5 ) ( 5 5 5 1.25 -1.25 ) ( 10 5 5 2.5 -1.25 ) NULL
4 ( 10 10 10 2.5 -2.5 ) ( 10 5 10 1.25 -2.5 ) ( 10 5 5 1.25 -1.25 ) ( 10 10 5 2.5 -1.25 ) NULL
4 ( 5 10 10 1.25 -2.5 ) ( 10 10 10 2.5 -2.5 ) ( 10 10 5 2.5 -1.25 ) ( 5 10 5 1.25 -1.25 ) NULL
4 ( 5 5 10 1.25 -2.5 ) ( 5 10 10 2.5 -2.5 ) ( 5 10 5 2.5 -1.25 ) ( 5 5 5 1.25 -1.25 ) NULL
4 ( 5 5 10 1.25 -1.25 ) ( 10 5 10 2.5 -1.25 ) ( 10 10 10 2.5 -2.5 ) ( 5 10 10 1.25 -2.5 ) NULL
4 ( 10 5 5 2.5 -1.25 ) ( 5 5 5 1.25 -1.25 ) ( 5 10 5 1.25 -2.5 ) ( 10 10 5 2.5 -2.5 ) NULL
}
{
( 15 5 5 ) ( 20 10 10 )
5
3 ( 17.5 5 10 4.375 -2.5 ) ( 15 5 5 3.75 -1.25 ) ( 20 5 5 5 -1.25 ) NULL
3 ( 20 10 5 5 -1.25 ) ( 15 10 5 3.75 -1.25 ) ( 17.5 10 10 4.375 -2.5 ) NULL
4 ( 20 5 5 5 -1.25 ) ( 15 5 5 3.75 -1.25 ) ( 15 10 5 3.75 -2.5 ) ( 20 10 5 5 -2.5 ) NULL
4 ( 15 5 5 1.25 -1.25 ) ( 17.5 5 10 1.25 -2.5 ) ( 17.5 10 10 2.5 -2.5 ) ( 15 10 5 2.5 -1.25 ) NULL
4 ( 17.5 5 10 1.25 -2.5 ) ( 20 5 5 1.25 -1.25 ) ( 20 10 5 2.5 -1.25 ) ( 17.5 10 10 2.5 -2.5 ) NULL
}
{
( 25.8333 5 5 ) ( 30 10 10 )
6
4 ( 27.5 5 10 6.875 -2.5 ) ( 25.8333 5 6.66667 6.45833 -1.66667 ) ( 27.5 5 5 6.875 -1.25 ) ( 30 5 5 7.5 -1.25 ) NULL
4 ( 30 10 5 7.5 -1.25 ) ( 27.5 10 5 6.875 -1.25 ) ( 25.8333 10 6.66667 6.45833 -1.66667 ) ( 27.5 10 10 6.875 -2.5 ) NULL
4 ( 30 5 5 7.5 -1.25 ) ( 27.5 5 5 6.875 -1.25 ) ( 27.5 10 5 6.875 -2.5 ) ( 30 10 5 7.5 -2.5 ) NULL
4 ( 25.8333 5 6.66667 1.25 -1.66667 ) ( 27.5 5 10 1.25 -2.5 ) ( 27.5 10 10 2.5 -2.5 ) ( 25.8333 10 6.66667 2.5 -1.66667 ) NULL
4 ( 27.5 5 10 1.25 -2.5 ) ( 30 5 5 1.25 -1.25 ) ( 30 10 5 2.5 -1.25 ) ( 27.5 10 10 2.5 -2.5 ) NULL
4 ( 25.8333 10 6.66667 2.5 -1.66667 ) ( 27.5 10 5 2.5 -1.25 ) ( 27.5 5 5 1.25 -1.25 ) ( 25.8333 5 6.66667 1.25 -1.66667 ) NULL
}
{
( 13.9645 13.9645 5 ) ( 21.0355 21.0355 10 )
5
3 ( 15.7322 15.7322 10 4.375 -2.5 ) ( 13.9645 17.5 5 3.75 -1.25 ) ( 17.5 13.9645 5 5 -1.25 ) NULL
3 ( 21.0355 17.5 5 5 -1.25 ) ( 17.5 21.0355 5 3.75 -1.25 ) ( 19.2678 19.2678 10 4.375 -2.5 ) NULL
4 ( 17.5 13.9645 5 5 -1.25 ) ( 13.9645 17.5 5 3.75 -1.25 ) ( 17.5 21.0355 5 3.75 -2.5 ) ( 21.0355 17.5 5 5 -2.5 ) NULL
4 ( 13.9645 17.5 5 1.875 -1.25 ) ( 15.7322 15.7322 10 1.43306 -2.5 ) ( 19.2678 19.2678 10 2.31694 -2.5 ) ( 17.5 21.0355 5 2.75888 -1.25 ) NULL
4 ( 15.7322 15.7322 10 1.43306 -2.5 ) ( 17.5 13.9645 5 1.875 -1.25 ) ( 21.0355 17.5 5 2.75888 -1.25 ) ( 19.2678 19.2678 10 2.31694 -2.5 ) NULL
}
