{
( 160 160 160 ) ( 320 320 320 )
6
4 ( 320 160 320 2.5 -2.5 ) ( 160 160 320 1.25 -2.5 ) ( 160 160 160 1.25 -1.25 ) ( 320 160 160 2.5 -1.25 ) NULL
4 ( 320 320 320 2.5 -2.5 ) ( 320 160 320 1.25 -2.5 ) ( 320 160 160 1.25 -1.25 ) ( 320 320 160 2.5 -1.25 ) NULL
4 ( 160 320 320 1.25 -2.5 ) ( 320 320 320 2.5 -2.5 ) ( 320 320 160 2.5 -1.25 ) ( 160 320 160 1.25 -1.25 ) NULL
4 ( 160 160 320 1.25 -2.5 ) ( 160 320 320 2.5 -2.5 ) ( 160 320 160 2.5 -1.25 ) ( 160 160 160 1.25 -1.25 ) NULL
4 ( 160 160 320 1.25 -1.25 ) ( 320 160 320 2.5 -1.25 ) ( 320 320 320 2.5 -2.5 ) ( 160 320 320 1.25 -2.5 ) NULL
4 ( 320 160 160 2.5 -1.25 ) ( 160 160 160 1.25 -1.25 ) ( 160 320 160 1.25 -2.5 ) ( 320 320 160 2.5 -2.5 ) NULL
}
{
( 480 160 160 ) ( 640 320 320 )
5
3 ( 560 160 320 4.375 -2.5 ) ( 480 160 160 3.75 -1.25 ) ( 640 160 160 5 -1.25 ) NULL
3 ( 640 320 160 5 -1.25 ) ( 480 320 160 3.75 -1.25 ) ( 560 320 320 4.375 -2.5 ) NULL
4 ( 640 160 160 5 -1.25 ) ( 480 160 160 3.75 -1.25 ) ( 480 320 160 3.75 -2.5 ) ( 640 320 160 5 -2.5 ) NULL
4 ( 480 160 160 1.25 -1.25 ) ( 560 160 320 1.25 -2.5 ) ( 560 320 320 2.5 -2.5 ) ( 480 320 160 2.5 -1.25 ) NULL
4 ( 560 160 320 1.25 -2.5 ) ( 640 160 160 1.25 -1.25 ) ( 640 320 160 2.5 -1.25 ) ( 560 320 320 2.5 -2.5 ) NULL
}
{
( 826.667 160 160 ) ( 960 320 320 )
6
4 ( 880 160 320 6.875 -2.5 ) ( 826.667 160 213.333 6.45833 -1.66667 ) ( 880 160 160 6.875 -1.25 ) ( 960 160 160 7.5 -1.25 ) NULL
4 ( 960 320 160 7.5 -1.25 ) ( 880 320 160 6.875 -1.25 ) ( 826.667 320 213.333 6.45833 -1.66667 ) ( 880 320 320 6.875 -2.5 ) NULL
4 ( 960 160 160 7.5 -1.25 ) ( 880 160 160 6.875 -1.25 ) ( 880 320 160 6.875 -2.5 ) ( 960 320 160 7.5 -2.5 ) NULL
4 ( 826.667 160 213.333 1.25 -1.66667 ) ( 880 160 320 1.25 -2.5 ) ( 880 320 320 2.5 -2.5 ) ( 826.667 320 213.333 2.5 -1.66667 ) NULL
4 ( 880 160 320 1.25 -2.5 ) ( 960 160 160 1.25 -1.25 ) ( 960 320 160 2.5 -1.25 ) ( 880 320 320 2.5 -2.5 ) NULL
4 ( 826.667 320 213.333 2.5 -1.66667 ) ( 880 320 160 2.5 -1.25 ) ( 880 160 160 1.25 -1.25 ) ( 826.667 160 213.333 1.25 -1.66667 ) NULL
}
{
( 480 480 160 ) ( 800 800 480 )
5
3 ( 560 560 480 4.375 -2.5 ) ( 480 640 160 3.75 -1.25 ) ( 640 480 160 5 -1.25 ) NULL
3 ( 800 640 160 5 -1.25 ) ( 640 800 160 3.75 -1.25 ) ( 720 720 480 4.375 -2.5 ) NULL
4 ( 640 480 160 5 -1.25 ) ( 480 640 160 3.75 -1.25 ) ( 640 800 160 3.75 -2.5 ) ( 800 640 160 5 -2.5 ) NULL
4 ( 480 640 160 0.991117 -1.25 ) ( 560 560 480 1.30362 -2.5 ) ( 720 720 480 1.92862 -2.5 ) ( 640 800 160 1.61612 -1.25 ) NULL
4 ( 560 560 480 1.43306 -2.5 ) ( 640 480 160 1.875 -1.25 ) ( 800 640 160 2.75888 -1.25 ) ( 720 720 480 2.31694 -2.5 ) NULL
}
